paper:793,1122;
report_field:1.020833,2.031250,2.135417,2.302083,,Project,0,Times New Roman,0,120,0,0,0,0,0,0,1,40496036,2,1452182475;;
report_field:1.989583,2.010417,3.125000,2.302083,,Lowerlimit,0,Times New Roman,0,-16,0,0,0,0,0,0,2,40496036,2,1452182475;;
report_field:3.312500,2.041667,4.458333,2.354167,,Target,0,Times New Roman,0,120,0,0,0,0,0,0,3,40496036,2,1452182475;;
report_field:4.729167,2.000000,5.875000,2.312500,,upperlimit,0,Times New Roman,0,120,0,0,0,0,0,0,4,40496036,2,1452182475;;
report_field:6.114583,1.989583,7.093750,2.291667,,Units,0,Times New Roman,0,120,0,0,0,0,0,0,5,40496036,2,1452182475;;
report_grid:0.927083,2.395833,7.020833,10.447917,,Grid,0,1,0.000000,0,0,0,0.000000,0,0,0,0.000000,0,0,4,1.041667#Times New Roman#0#100#0#0#0#0#0#0#0|1.354167#Times New Roman#0#100#0#0#0#0#0#0#0|1.354167#Times New Roman#0#100#0#0#0#0#0#0#0|1.354167#Times New Roman#0#100#0#0#0#0#0#0#0|1.041667#Times New Roman#0#100#0#0#0#0#0#0#0;
report_field:3.406250,0.468750,5.572917,0.864583,,title,0,Times New Roman,0,120,0,0,0,0,0,0,7,40496036,2,107594200;;
report_field:1.114583,0.843750,3.125000,1.114583,,Number,0,Times New Roman,0,-16,0,0,0,0,0,0,8,40496036,2,1452182475;;
report_field:1.104167,1.364583,2.937500,1.687500,,Deadline,0,Times New Roman,0,120,0,0,0,0,0,0,9,40496036,2,1452182475;;
report_field:5.937500,10.833333,8.197917,11.218750,,time,0,Times New Roman,0,-16,0,0,0,0,0,0,10,40496036,2,1452182475;;
